996771503315
996771503413
996771503492
996771503509
996771503637
996771503687
996771503688
996771503822
996771503911
996771503923
996771504063
996771504111
996771504226
996771504260
996771504291
996771504306
996771504326
996771504488
996771504801
996771504814
996771505003
996771505084
996771505207
996771505381
996771505487
996771505570
996771505604
996771505684
996771505705
996771505937
996771509041
996771509106
996771509140
996771509243
996771509495
996771509701
996771509757
996771509860
996771509870
996771509879
996771523006
996771523026
996771523043
996771523209
996771523263
996771523398
996771523420
996771523599
996771523650
996771523853
996771524071
996771524297
996771524315
996771524326
996771524524
996771524537
996771524570
996771524671
996771524721
996771524825
996771526006
996771526129
996771526137
996771526330
996771526534
996771526734
996771526747
996771526788
996771526902
996771526989
996771527078
996771527216
996771527302
996771527357
996771527468
996771527543
996771527695
996771527720
996771527778
996771527803
996771528171
996771528308
996771528410
996771528522
996771528581
996771528597
996771528740
996771528932
996771528966
996771528969
996771541151
996771541183
996771541212
996771541552
996771541687
996771541725
996771541765
996771541819
996771541850
996771541909
996771550097
996771550178
996771552137
996771552214
996771552523
996771552557
996771552562
996771552573
996771552851
996771552869
996771552944
996771552982
996771562161
996771562200
996771562268
996771562303
996771562358
996771562393
996771562543
996771562613
996771562829
996771562841
996771563054
996771563266
996771563450
996771563485
996771563563
996771563591
996771563759
996771563865
996771563868
996771563870
996771564062
996771564324
996771564402
996771564438
996771564547
996771564731
996771564749
996771564769
996771564816
996771564819
996771565143
996771565226
996771565531
996771565548
996771565683
996771565705
996771565714
996771565715
996771565747
996771565947
996771568044
996771568077
996771568181
996771568347
996771568436
996771568485
996771568559
996771568636
996771568717
996771568884
996771573073
996771573132
996771573426
996771573451
996771573510
996771573532
996771573682
996771573703
996771573706
996771573772
996771577045
996771577118
996771577378
996771577531
996771577556
996771577696
996771577849
996771577884
996771577987
996771577997
996771579303
996771579374
996771579528
996771579550
996771579567
996771579591
996771579602
996771579862
996771579876
996771579880
996771585183
996771585203
996771585406
996771585532
996771585605
996771585644
996771585680
996771585835
996771585914
996771585925
996771594017
996771594059
996771594180
996771594208
996771594369
996771594464
996771594524
996771594603
996771594708
996771594976
996771597070
996771597181
996771597213
996771597249
996771597284
996771597318
996771597775
996771597935
996771597948
996771597966
996227008163
996227008255
996227008284
996227008396
996227008518
996227008683
996227008730
996227008755
996227008830
996227008988
996227013007
996227013069
996227013128
996227013142
996227013359
996227013556
996227013662
996227013702
996227013836
996227013863
996227015001
996227015038
996227015251
996227015369
996227015602
996227015818
996227015878
996227015893
996227015930
996227015987
996227023071
996227023147
996227023277
996227023300
996227023543
996227023581
996227023702
996227023744
996227023746
996227023774
996227027099
996227027405
996227027447
996227027450
996227027559
996227027655
996227027715
996227027820
996227027851
996227027968
996227028028
996227028032
996227028088
996227028141
996227028418
996227028611
996227028732
996227028736
996227028763
996227028778
996227031170
996227031175
996227031289
996227031435
996227031526
996227031531
996227031543
996227031822
996227031827
996227031955
996227050286
996227050328
996227050331
996227050379
996227050382
996227050571
996227050586
996227050653
996227050696
996227050737
996227053019
996227053129
996227053206
996227053256
996227053328
996227053362
996227053459
996227053734
996227053748
996227053758
996227054213
996227054293
996227054346
996227054375
996227054426
996227054476
996227054720
996227054729
996227054923
996227054958
996227056037
996227056068
996227056122
996227056338
996227056410
996227056413
996227056504
996227056674
996227056788
996227056961
996227061711
996227061874
996227066049
996227066098
996227066156
996227066316
996227066356
996227066445
996227066808
996227066837
996227066904
996227066996
996227067018
996227067115
996227067366
996227067521
996227067748
996227067754
996227067758
996227067770
996227067813
996227067949
996227080156
996227080338
996227080464
996227080472
996227080530
996227080595
996227080615
996227080733
996227080783
996227080807
996227082249
996227082404
996227082568
996227082595
996227082704
996227082718
996227082903
996227082937
996227082959
996227082961
996227083164
996227083291
996227083311
996227083423
996227083506
996227083598
996227083647
996227083650
996227083663
996227083872
996227086025
996227086078
996227086276
996227086280
996227086313
996227086527
996227086554
996227086556
996227086668
996227086860
996227088301
996227088332
996227088344
996227088401
996227088654
996227088694
996227088698
996227088738
996227088906
996227088954
996227092185
996227092249
996227092318
996227092458
996227092566
996227092650
996227092799
996227092885
996227092895
996227092970
996227096092
996227096359
996227096500
996227096580
996227096653
996227096670
996227096747
996227096771
996227096882
996227096991
996227098047
996227098064
996227098203
996227098337
996227098346
996227098456
996227098726
996227098855
996227098915
996227098970
996227099097
996227099121
996227099190
996227099202
996227099273
996227099305
996227099383
996227099479
996227099529
996227099905