996771500165
996771500234
996771500334
996771500365
996771500431
996771500717
996771500719
996771500763
996771500831
996771500859
996771501022
996771501070
996771501105
996771501122
996771501177
996771501314
996771501461
996771501505
996771501743
996771501943
996771502162
996771502258
996771502294
996771502359
996771502419
996771502484
996771502485
996771502615
996771502688
996771502788
996771503046
996771503263
996771503356
996771503367
996771503427
996771503714
996771503773
996771503830
996771503887
996771503893
996771504124
996771504182
996771504200
996771504209
996771504547
996771504617
996771504640
996771504777
996771504906
996771504925
996771505010
996771505031
996771505033
996771505061
996771505376
996771505386
996771505515
996771505543
996771505593
996771505692
996771506186
996771506347
996771506410
996771506459
996771506526
996771506545
996771506580
996771506735
996771506762
996771506917
996771507040
996771507370
996771507492
996771507557
996771507658
996771507818
996771507822
996771507832
996771507890
996771507969
996771508301
996771508329
996771508467
996771508592
996771508609
996771508701
996771508738
996771508765
996771508819
996771508871
996771509017
996771509360
996771509379
996771509395
996771509492
996771509723
996771509866
996771509890
996771509938
996771509989
996771510099
996771510112
996771510368
996771510394
996771510527
996771510575
996771510594
996771510718
996771510868
996771510908
996771511082
996771511089
996771511093
996771511147
996771511198
996771511244
996771511264
996771511520
996771511657
996771511699
996771512165
996771512353
996771512406
996771512519
996771512529
996771512539
996771512692
996771512713
996771512757
996771512848
996771513027
996771513207
996771513287
996771513365
996771513475
996771513513
996771513559
996771513611
996771513861
996771513944
996771514060
996771514241
996771514369
996771514515
996771514538
996771514557
996771514573
996771514576
996771514656
996771514804
996771515088
996771515287
996771515381
996771515415
996771515488
996771515588
996771515605
996771515676
996771515721
996771515829
996771516091
996771516110
996771516290
996771516345
996771516348
996771516493
996771516511
996771516517
996771516668
996771516955
996771517006
996771517146
996771517240
996771517261
996771517376
996771517381
996771517505
996771517746
996771517813
996771517910
996771518072
996771518284
996771518335
996771518406
996771518422
996771518560
996771518595
996771518761
996771518774
996771518785
996771519031
996771519310
996771519320
996771519464
996771519481
996771519603
996771519709
996771519745
996771519799
996771519880
996771520005
996771520085
996771520120
996771520167
996771520218
996771520315
996771520350
996771520644
996771520692
996771520804
996771521199
996771521207
996771521249
996771521352
996771521434
996771521445
996771521719
996771521758
996771521812
996771521973
996771522158
996771522225
996771522343
996771522447
996771522546
996771522648
996771522680
996771522703
996771522802
996771522959
996771523179
996771523379
996771523392
996771523480
996771523518
996771523633
996771523635
996771523850
996771523953
996771523961
996771524060
996771524137
996771524177
996771524237
996771524454
996771524517
996771524623
996771524733
996771524777
996771524787
996771525063
996771525223
996771525251
996771525261
996771525393
996771525495
996771525664
996771525779
996771525831
996771525903
996771526045
996771526239
996771526362
996771526416
996771526447
996771526484
996771526578
996771526643
996771526813
996771526873
996771527043
996771527139
996771527168
996771527277
996771527486
996771527813
996771527832
996771527900
996771527914
996771527995
996771528009
996771528051
996771528072
996771528222
996771528235
996771528324
996771528417
996771528702
996771528832
996771528923
996771529072
996771529129
996771529161
996771529166
996771529460
996771529563
996771529623
996771529631
996771529899
996771529985
996771530018
996771530035
996771530095
996771530126
996771530198
996771530256
996771530334
996771530349
996771530523
996771530580
996771531065
996771531084
996771531252
996771531316
996771531586
996771531602
996771531753
996771531872
996771531915
996771531951
996771532002
996771532079
996771532246
996771532405
996771532654
996771532824
996771532836
996771532880
996771532908
996771532934
996771533097
996771533141
996771533220
996771533361
996771533406
996771533449
996771533454
996771533559
996771533882
996771533995
996771534057
996771534086
996771534299
996771534594
996771534640
996771534770
996771534811
996771534869
996771534872
996771534928
996771535189
996771535352
996771535421
996771535451
996771535507
996771535557
996771535618
996771535701
996771535796
996771535842
996771536087
996771536196
996771536220
996771536241
996771536371
996771536417
996771536630
996771536697
996771536777
996771536807
996771537093
996771537150
996771537188
996771537261
996771537388
996771537397
996771537420
996771537845
996771537946
996771537979
996771538091
996771538118
996771538220
996771538399
996771538472
996771538497
996771538524
996771538566
996771538623
996771538866
996771539003
996771539074
996771539273
996771539300
996771539437
996771539497
996771539639
996771539724
996771539745
996771539816
996771540124
996771540208
996771540352
996771540377
996771540501
996771540512
996771540719
996771540748
996771540846
996771540857
996771541035
996771541138
996771541221
996771541274
996771541373
996771541516
996771541549
996771541749
996771541958
996771541971
996771542036
996771542262
996771542354
996771542455
996771542481
996771542541
996771542554
996771542607
996771542768
996771542988
996771543137
996771543178
996771543312
996771543460
996771543465
996771543594
996771543675
996771543755
996771543774
996771543821
996771544152
996771544288
996771544323
996771544331
996771544557
996771544570
996771544772
996771544848
996771544973
996771544992
996771545024
996771545226
996771545228
996771545304
996771545354
996771545493
996771545524
996771545540
996771545867
996771545898
996771546136
996771546209
996771546286
996771546354
996771546475
996771546561
996771546609
996771546633
996771546671
996771546927
996771547106
996771547151
996771547231
996771547411
996771547571
996771547713
996771547842
996771547901
996771547903
996771547979
996771548097
996771548190
996771548372
996771548506
996771548639
996771548672
996771548689
996771548706
996771548719
996771548846
996771549061
996771549099
996771549437
996771549563
996771549585
996771549683
996771549718
996771549787
996771549827
996771549945
996771550128
996771550211
996771550218
996771550233
996771550389
996771550390
996771550651
996771550739
996771550922
996771550957
996771551026
996771551106
996771551502
996771551553
996771551608
996771551750
996771551907
996771551909
996771551944
996771551959
996771552131
996771552171
996771552238
996771552242
996771552365
996771552492
996771552678
996771552779
996771552912
996771552952
996771553008
996771553047
996771553072
996771553337
996771553357
996771553373
996771553569
996771553701
996771553713
996771553936
996771554146
996771554324
996771554330
996771554417
996771554451
996771554507
996771554596
996771554695
996771554946
996771554968
996771555042
996771555085
996771555223
996771555248
996771555310
996771555713
996771555834
996771555884
996771555892
996771555926
996771556338
996771556546
996771556604
996771556646
996771556686
996771556882
996771556896
996771556918
996771556951
996771556988
996771557009
996771557171
996771557185
996771557254
996771557348
996771557431
996771557447
996771557753
996771557759
996771557936
996771558197
996771558225
996771558269
996771558463
996771558513
996771558530
996771558784
996771558838
996771558920
996771558950
996771559211
996771559244
996771559268
996771559358
996771559470
996771559482
996771559495
996771559588
996771559602
996771559869
996771560140
996771560225
996771560227
996771560242
996771560248
996771560606
996771560736
996771560842
996771560906
996771560997
996771561096
996771561110
996771561113
996771561220
996771561246
996771561420
996771561692
996771561712
996771561773
996771561948
996771562108
996771562168
996771562169
996771562197
996771562214
996771562334
996771562469
996771562650
996771562849
996771562892
996771563026
996771563040
996771563084
996771563097
996771563325
996771563407
996771563444
996771563539
996771563610
996771563653
996771564231
996771564242
996771564302
996771564378
996771564409
996771564456
996771564511
996771564528
996771564624
996771564663
996771565191
996771565216
996771565349
996771565407
996771565434
996771565441
996771565559
996771565784
996771565785
996771565879
996771566022
996771566059
996771566066
996771566281
996771566659
996771566684
996771566747
996771566819
996771566844
996771566873
996771567055
996771567300
996771567339
996771567431
996771567556
996771567803
996771567879
996771567888
996771567925
996771567963
996771568293
996771568384
996771568395
996771568506
996771568511
996771568860
996771568892
996771568917
996771568933
996771568951
996771569073
996771569151
996771569310
996771569317
996771569403
996771569529
996771569569
996771569586
996771569735
996771569816
996771570043
996771570049
996771570071
996771570251
996771570421
996771570525
996771570537
996771570908
996771570922
996771570971
996771571000
996771571031
996771571071
996771571440
996771571473
996771571527
996771571554
996771571610
996771571623
996771571709
996771572021
996771572032
996771572076
996771572249
996771572493
996771572561
996771572606
996771572743
996771572851
996771572914
996771573139
996771573223
996771573289
996771573368
996771573412
996771573546
996771573671
996771573691
996771573791
996771573999
996771574216
996771574268
996771574273
996771574348
996771574643
996771574649
996771574672
996771574720
996771574767
996771574841
996771575023
996771575145
996771575180
996771575320
996771575351
996771575421
996771575675
996771575805
996771575865
996771575927
996771576079
996771576100
996771576286
996771576311
996771576463
996771576494
996771576519
996771576595
996771576848
996771576901
996771577251
996771577307
996771577321
996771577414
996771577553
996771577671
996771577757
996771577762
996771577800
996771577871
996771578154
996771578199
996771578220
996771578235
996771578545
996771578710
996771578785
996771578901
996771578962
996771578987
996771579005
996771579035
996771579113
996771579402
996771579492
996771579607
996771579673
996771579730
996771579783
996771579911
996771580081
996771580163
996771580201
996771580207
996771580532
996771580644
996771580718
996771580853
996771580954
996771580987
996771581027
996771581227
996771581322
996771581365
996771581437
996771581480
996771581674
996771581811
996771581930
996771581957
996771582204
996771582215
996771582217
996771582237
996771582274
996771582300
996771582463
996771582515
996771582590
996771582868
996771583075
996771583294
996771583347
996771583367
996771583370
996771583517
996771583520
996771583551
996771583621
996771583773
996771584296
996771584340
996771584568
996771584627
996771584731
996771584765
996771584791
996771584811
996771584831
996771584937
996771585001
996771585022
996771585104
996771585302
996771585341
996771585360
996771585467
996771585650
996771585791
996771585901
996771586146
996771586353
996771586440
996771586543
996771586584
996771586620
996771586795
996771586876
996771586953
996771586987
996771587018
996771587029
996771587158
996771587345
996771587393
996771587398
996771587578
996771587647
996771587689
996771587978
996771588117
996771588364
996771588427
996771588472
996771588551
996771588716
996771588860
996771588904
996771588918
996771588944
996771589012
996771589187
996771589364
996771589449
996771589588
996771589592
996771589648
996771589774
996771589886
996771589899
996771590046
996771590112
996771590115
996771590135
996771590419
996771590691
996771590763
996771590778
996771590837
996771590986
996771591047
996771591084
996771591360
996771591425
996771591449
996771591454
996771591612
996771591670
996771591694
996771591906
996771592019
996771592024
996771592193
996771592342
996771592406
996771592494
996771592580
996771592620
996771592812
996771592855
996771593002
996771593158
996771593161
996771593198
996771593223
996771593290
996771593302
996771593402
996771593757
996771593903
996771594019
996771594195
996771594311
996771594355
996771594371
996771594398
996771594412
996771594666
996771594847
996771594938
996771595003
996771595106
996771595109
996771595322
996771595530
996771595658
996771595672
996771595687
996771595725
996771595777
996771596032
996771596146
996771596341
996771596449
996771596499
996771596507
996771596598
996771596653
996771596738
996771596996
996771597002
996771597039
996771597072
996771597102
996771597533
996771597584
996771597653
996771597847
996771597896
996771597953
996771598010
996771598032
996771598041
996771598062
996771598212
996771598273
996771598503
996771598551
996771598867
996771598973
996771599168
996771599280
996771599388
996771599460
996771599678
996771599689
996771599818
996771599866
996771599879
996771599889